
===== YEAR 2013 =====
2013 | December 26 th 2013 | 3 7 16 25 35 39 | PB 13
2013 | December 19 th 2013 | 10 11 12 30 32 35 | PB 10
2013 | December 12 th 2013 | 16 24 33 37 39 40 | PB 1
2013 | December 5 th 2013 | 4 6 11 16 21 37 | PB 3
2013 | November 28 th 2013 | 12 18 20 22 23 37 | PB 5
2013 | November 21 st 2013 | 1 10 16 19 27 34 | PB 10
2013 | November 14 th 2013 | 5 8 15 16 18 29 | PB 19
2013 | November 7 th 2013 | 9 13 14 25 27 34 | PB 15
2013 | October 31 st 2013 | 4 13 17 28 34 36 | PB 19
2013 | October 24 th 2013 | 2 12 14 20 30 38 | PB 15
2013 | October 17 th 2013 | 4 8 12 13 19 30 | PB 2
2013 | October 10 th 2013 | 4 13 19 27 32 39 | PB 16
2013 | October 3 rd 2013 | 9 10 18 30 31 33 | PB 10
2013 | September 26 th 2013 | 7 9 12 17 23 40 | PB 8
2013 | September 19 th 2013 | 4 7 9 19 20 29 | PB 12
2013 | September 12 th 2013 | 5 15 22 29 36 40 | PB 4
2013 | September 5 th 2013 | 2 10 12 14 16 20 | PB 8
2013 | August 29 th 2013 | 3 4 6 29 34 39 | PB 7
2013 | August 22 nd 2013 | 6 10 15 24 32 37 | PB 11
2013 | August 15 th 2013 | 3 9 12 14 23 27 | PB 12
2013 | August 8 th 2013 | 1 8 20 22 23 25 | PB 12
2013 | August 1 st 2013 | 4 16 18 23 24 29 | PB 8
2013 | July 25 th 2013 | 6 7 20 23 28 40 | PB 15
2013 | July 18 th 2013 | 15 26 29 30 32 36 | PB 4
2013 | July 11 th 2013 | 9 10 15 21 35 38 | PB 9
2013 | July 4 th 2013 | 1 8 14 16 17 23 | PB 11
2013 | June 27 th 2013 | 3 4 10 25 28 32 | PB 9
2013 | June 20 th 2013 | 5 8 17 19 33 37 | PB 14
2013 | June 13 th 2013 | 11 12 13 24 25 38 | PB 7
2013 | June 6 th 2013 | 5 14 16 20 26 29 | PB 8
2013 | May 30 th 2013 | 10 19 26 29 34 37 | PB 16
2013 | May 23 rd 2013 | 1 6 10 14 26 27 | PB 7
2013 | May 16 th 2013 | 4 23 24 26 31 40 | PB 13
2013 | May 9 th 2013 | 2 4 23 26 30 33 | PB 4
2013 | May 2 nd 2013 | 4 10 23 34 37 39 | PB 20
2013 | April 25 th 2013 | 4 13 17 18 22 26 | PB 20
2013 | April 18 th 2013 | 20 25 29 32 33 34 | PB 2
2013 | April 11 th 2013 | 4 7 24 28 35 40 | PB 12
2013 | April 4 th 2013 | 7 21 34 35 38 39 | PB 5
2013 | March 28 th 2013 | 2 5 21 26 27 28 | PB 19
2013 | March 21 st 2013 | 3 22 26 32 34 38 | PB 18
2013 | March 14 th 2013 | 5 9 23 30 35 37 | PB 18
2013 | March 7 th 2013 | 8 16 19 25 26 29 | PB 5

===== YEAR 2014 =====
2014 | December 25 th 2014 | 13 16 19 31 32 38 | PB 5
2014 | December 18 th 2014 | 14 24 33 35 36 38 | PB 2
2014 | December 11 th 2014 | 7 9 20 31 32 36 | PB 19
2014 | December 4 th 2014 | 4 5 6 8 36 39 | PB 8
2014 | November 27 th 2014 | 3 5 10 22 32 37 | PB 13
2014 | November 20 th 2014 | 7 24 25 26 36 37 | PB 12
2014 | November 13 th 2014 | 4 5 7 14 19 28 | PB 18
2014 | November 6 th 2014 | 5 12 21 27 29 39 | PB 19
2014 | October 30 th 2014 | 1 4 6 15 30 36 | PB 5
2014 | October 23 rd 2014 | 13 19 22 24 30 39 | PB 11
2014 | October 16 th 2014 | 4 9 13 18 26 34 | PB 3
2014 | October 9 th 2014 | 2 24 25 26 29 35 | PB 8
2014 | October 2 nd 2014 | 13 17 18 23 25 27 | PB 1
2014 | September 25 th 2014 | 9 19 27 31 32 40 | PB 1
2014 | September 18 th 2014 | 3 10 11 16 34 35 | PB 4
2014 | September 11 th 2014 | 4 16 18 30 39 40 | PB 19
2014 | September 4 th 2014 | 2 17 18 24 25 26 | PB 6
2014 | August 28 th 2014 | 9 11 14 23 26 28 | PB 11
2014 | August 21 st 2014 | 5 7 8 19 32 40 | PB 12
2014 | August 14 th 2014 | 1 8 12 26 31 38 | PB 6
2014 | August 7 th 2014 | 7 12 26 27 31 32 | PB 12
2014 | July 31 st 2014 | 5 16 23 24 31 37 | PB 15
2014 | July 24 th 2014 | 1 8 11 15 21 31 | PB 20
2014 | July 17 th 2014 | 1 6 9 31 38 39 | PB 10
2014 | July 10 th 2014 | 10 13 15 20 21 33 | PB 2
2014 | July 3 rd 2014 | 26 27 28 31 36 38 | PB 15
2014 | June 26 th 2014 | 2 9 10 20 32 33 | PB 7
2014 | June 19 th 2014 | 17 26 30 32 35 40 | PB 19
2014 | June 12 th 2014 | 6 19 24 29 32 39 | PB 7
2014 | June 5 th 2014 | 3 6 11 14 17 35 | PB 4
2014 | May 29 th 2014 | 2 14 15 21 22 32 | PB 15
2014 | May 22 nd 2014 | 3 4 6 12 13 20 | PB 1
2014 | May 15 th 2014 | 8 30 32 34 35 36 | PB 4
2014 | May 8 th 2014 | 7 8 13 21 28 34 | PB 4
2014 | May 1 st 2014 | 5 21 28 33 36 37 | PB 2
2014 | April 24 th 2014 | 8 15 19 21 33 36 | PB 3
2014 | April 17 th 2014 | 8 11 16 20 23 29 | PB 9
2014 | April 10 th 2014 | 21 22 29 36 38 39 | PB 12
2014 | April 3 rd 2014 | 16 18 27 28 29 32 | PB 2
2014 | March 27 th 2014 | 2 15 19 21 34 39 | PB 10
2014 | March 20 th 2014 | 11 20 22 27 34 39 | PB 6
2014 | March 13 th 2014 | 3 4 9 31 37 38 | PB 6
2014 | March 6 th 2014 | 20 21 24 26 28 38 | PB 15
2014 | February 27 th 2014 | 1 14 18 22 30 34 | PB 17
2014 | February 20 th 2014 | 4 6 25 26 29 40 | PB 18
2014 | February 13 th 2014 | 6 8 11 13 24 34 | PB 7
2014 | February 6 th 2014 | 3 5 7 10 13 22 | PB 15
2014 | January 30 th 2014 | 9 13 14 15 29 32 | PB 17
2014 | January 23 rd 2014 | 7 9 14 24 28 31 | PB 11
2014 | January 16 th 2014 | 19 26 27 33 34 37 | PB 20
2014 | January 9 th 2014 | 14 18 19 20 24 29 | PB 11
2014 | January 2 nd 2014 | 4 8 13 29 36 38 | PB 3

===== YEAR 2015 =====
2015 | December 31 st 2015 | 17 20 26 33 34 37 | PB 17
2015 | December 24 th 2015 | 1 8 15 26 32 38 | PB 19
2015 | December 17 th 2015 | 2 7 9 23 32 40 | PB 9
2015 | December 10 th 2015 | 10 14 17 18 28 35 | PB 9
2015 | December 3 rd 2015 | 2 7 11 19 21 25 | PB 16
2015 | November 26 th 2015 | 3 4 8 17 19 33 | PB 9
2015 | November 19 th 2015 | 2 5 13 16 23 38 | PB 18
2015 | November 12 th 2015 | 1 3 15 19 26 35 | PB 18
2015 | November 5 th 2015 | 13 17 19 20 24 31 | PB 19
2015 | October 29 th 2015 | 4 10 23 24 26 34 | PB 5
2015 | October 22 nd 2015 | 9 12 18 31 35 38 | PB 10
2015 | October 15 th 2015 | 6 7 13 20 23 29 | PB 18
2015 | October 8 th 2015 | 5 6 13 20 27 35 | PB 3
2015 | October 1 st 2015 | 3 5 16 17 27 40 | PB 18
2015 | September 24 th 2015 | 7 15 16 21 34 39 | PB 5
2015 | September 17 th 2015 | 7 16 21 38 39 40 | PB 10
2015 | September 10 th 2015 | 11 12 15 24 29 38 | PB 15
2015 | September 3 rd 2015 | 3 15 21 30 32 33 | PB 17
2015 | August 27 th 2015 | 2 5 6 11 23 28 | PB 14
2015 | August 20 th 2015 | 2 3 17 19 20 33 | PB 1
2015 | August 13 th 2015 | 1 5 11 12 26 39 | PB 14
2015 | August 6 th 2015 | 5 7 16 17 25 26 | PB 17
2015 | July 30 th 2015 | 1 3 7 20 21 36 | PB 19
2015 | July 23 rd 2015 | 3 9 21 25 27 32 | PB 18
2015 | July 16 th 2015 | 2 5 11 18 25 39 | PB 2
2015 | July 9 th 2015 | 2 17 19 24 27 35 | PB 11
2015 | July 2 nd 2015 | 7 17 23 26 37 39 | PB 12
2015 | June 25 th 2015 | 1 4 24 25 26 37 | PB 19
2015 | June 18 th 2015 | 10 15 22 25 34 37 | PB 19
2015 | June 11 th 2015 | 14 16 17 18 32 35 | PB 1
2015 | June 4 th 2015 | 3 4 8 16 21 33 | PB 8
2015 | May 28 th 2015 | 25 26 29 31 37 39 | PB 2
2015 | May 21 st 2015 | 6 13 14 31 35 40 | PB 16
2015 | May 14 th 2015 | 5 13 27 29 31 38 | PB 1
2015 | May 7 th 2015 | 10 19 20 22 32 33 | PB 12
2015 | April 30 th 2015 | 6 15 18 24 35 37 | PB 15
2015 | April 23 rd 2015 | 2 9 25 27 32 34 | PB 8
2015 | April 16 th 2015 | 6 8 18 25 27 29 | PB 2
2015 | April 9 th 2015 | 6 9 17 23 30 37 | PB 11
2015 | April 2 nd 2015 | 5 9 11 23 24 33 | PB 13
2015 | March 26 th 2015 | 1 10 15 19 25 35 | PB 18
2015 | March 19 th 2015 | 7 8 14 18 24 35 | PB 15
2015 | March 12 th 2015 | 4 6 8 23 32 40 | PB 1
2015 | March 5 th 2015 | 2 4 6 23 28 32 | PB 7
2015 | February 26 th 2015 | 5 8 18 19 22 36 | PB 9
2015 | February 19 th 2015 | 3 4 7 27 36 38 | PB 11
2015 | February 12 th 2015 | 1 3 5 11 28 39 | PB 10
2015 | February 5 th 2015 | 16 21 22 29 31 36 | PB 13
2015 | January 29 th 2015 | 3 6 18 32 35 37 | PB 2
2015 | January 22 nd 2015 | 13 17 22 25 38 40 | PB 2
2015 | January 15 th 2015 | 5 13 20 26 31 37 | PB 3
2015 | January 8 th 2015 | 2 10 15 32 34 37 | PB 5
2015 | January 1 st 2015 | 18 24 25 27 32 34 | PB 6

===== YEAR 2016 =====
2016 | December 29 th 2016 | 3 4 6 24 25 31 | PB 13
2016 | December 22 nd 2016 | 4 10 16 26 29 39 | PB 18
2016 | December 15 th 2016 | 8 13 22 30 36 37 | PB 11
2016 | December 8 th 2016 | 3 5 13 20 37 38 | PB 14
2016 | December 1 st 2016 | 9 12 23 34 37 38 | PB 7
2016 | November 24 th 2016 | 5 12 13 18 25 40 | PB 5
2016 | November 17 th 2016 | 4 10 16 24 34 40 | PB 11
2016 | November 10 th 2016 | 7 19 23 26 30 37 | PB 5
2016 | November 3 rd 2016 | 8 22 23 26 35 40 | PB 6
2016 | October 27 th 2016 | 2 16 17 21 36 38 | PB 7
2016 | October 20 th 2016 | 5 8 12 22 25 34 | PB 17
2016 | October 13 th 2016 | 2 6 8 13 31 36 | PB 15
2016 | October 6 th 2016 | 9 12 21 32 33 37 | PB 18
2016 | September 29 th 2016 | 4 8 18 28 36 39 | PB 18
2016 | September 22 nd 2016 | 14 16 20 23 28 33 | PB 11
2016 | September 15 th 2016 | 2 12 13 27 29 32 | PB 12
2016 | September 8 th 2016 | 9 10 17 25 28 31 | PB 2
2016 | September 1 st 2016 | 3 11 13 14 18 22 | PB 9
2016 | August 25 th 2016 | 12 22 24 25 32 39 | PB 11
2016 | August 18 th 2016 | 3 9 18 33 37 40 | PB 8
2016 | August 11 th 2016 | 4 7 12 17 24 35 | PB 4
2016 | August 4 th 2016 | 3 8 16 17 24 38 | PB 5
2016 | July 28 th 2016 | 1 5 21 24 32 36 | PB 20
2016 | July 21 st 2016 | 9 12 14 22 30 36 | PB 3
2016 | July 14 th 2016 | 6 8 13 26 30 31 | PB 1
2016 | July 7 th 2016 | 4 9 14 22 23 32 | PB 19
2016 | June 30 th 2016 | 1 4 13 14 31 33 | PB 12
2016 | June 23 rd 2016 | 8 10 17 35 36 40 | PB 13
2016 | June 16 th 2016 | 3 11 17 24 29 37 | PB 3
2016 | June 9 th 2016 | 5 7 13 24 31 38 | PB 8
2016 | June 2 nd 2016 | 2 10 19 25 31 39 | PB 6
2016 | May 26 th 2016 | 5 8 15 29 31 35 | PB 9
2016 | May 19 th 2016 | 7 11 22 24 26 29 | PB 20
2016 | May 12 th 2016 | 8 10 18 19 26 36 | PB 5
2016 | May 5 th 2016 | 1 2 11 20 25 38 | PB 5
2016 | April 28 th 2016 | 2 8 9 20 24 31 | PB 1
2016 | April 21 st 2016 | 8 12 18 19 26 33 | PB 6
2016 | April 14 th 2016 | 4 5 7 20 32 40 | PB 14
2016 | April 7 th 2016 | 3 5 15 20 34 35 | PB 13
2016 | March 31 st 2016 | 19 20 23 31 32 34 | PB 11
2016 | March 24 th 2016 | 2 7 16 17 25 32 | PB 14
2016 | March 17 th 2016 | 6 7 15 29 34 36 | PB 19
2016 | March 10 th 2016 | 4 6 20 22 31 33 | PB 18
2016 | March 3 rd 2016 | 9 19 20 25 27 32 | PB 5
2016 | February 25 th 2016 | 9 13 14 15 32 38 | PB 2
2016 | February 18 th 2016 | 9 12 16 18 20 29 | PB 17
2016 | February 11 th 2016 | 1 8 21 22 30 33 | PB 5
2016 | February 4 th 2016 | 6 10 17 18 20 36 | PB 2
2016 | January 28 th 2016 | 2 9 17 29 31 33 | PB 9
2016 | January 21 st 2016 | 19 20 22 23 26 36 | PB 14
2016 | January 14 th 2016 | 12 19 23 34 36 37 | PB 20
2016 | January 7 th 2016 | 4 14 18 20 23 34 | PB 18

===== YEAR 2017 =====
2017 | December 28 th 2017 | 12 28 29 34 35 37 | PB 7
2017 | December 21 st 2017 | 7 10 15 27 32 33 | PB 9
2017 | December 14 th 2017 | 19 22 28 30 31 40 | PB 6
2017 | December 7 th 2017 | 8 11 23 26 34 39 | PB 13
2017 | November 30 th 2017 | 21 22 26 31 35 38 | PB 10
2017 | November 23 rd 2017 | 17 27 33 35 36 39 | PB 7
2017 | November 16 th 2017 | 3 6 11 18 33 36 | PB 5
2017 | November 9 th 2017 | 15 18 20 27 29 38 | PB 20
2017 | November 2 nd 2017 | 3 4 23 30 32 33 | PB 4
2017 | October 26 th 2017 | 4 15 23 29 34 39 | PB 5
2017 | October 19 th 2017 | 8 9 11 17 31 34 | PB 16
2017 | October 12 th 2017 | 1 11 15 28 30 32 | PB 20
2017 | October 5 th 2017 | 6 7 17 19 33 38 | PB 17
2017 | September 28 th 2017 | 1 6 13 14 25 32 | PB 7
2017 | September 21 st 2017 | 2 10 17 23 25 26 | PB 5
2017 | September 14 th 2017 | 15 25 26 30 31 37 | PB 18
2017 | September 7 th 2017 | 3 11 14 24 28 35 | PB 3
2017 | August 31 st 2017 | 14 22 25 34 36 38 | PB 10
2017 | August 24 th 2017 | 3 6 9 13 30 35 | PB 20
2017 | August 17 th 2017 | 4 5 12 26 32 38 | PB 6
2017 | August 10 th 2017 | 1 6 8 16 17 20 | PB 1
2017 | August 3 rd 2017 | 6 9 19 22 30 38 | PB 10
2017 | July 27 th 2017 | 4 15 23 27 31 36 | PB 16
2017 | July 20 th 2017 | 5 14 15 22 23 25 | PB 9
2017 | July 13 th 2017 | 1 9 12 24 28 30 | PB 9
2017 | July 6 th 2017 | 10 11 13 19 22 38 | PB 20
2017 | June 29 th 2017 | 2 3 5 9 12 19 | PB 9
2017 | June 22 nd 2017 | 12 17 25 35 36 40 | PB 17
2017 | June 15 th 2017 | 6 23 24 28 31 38 | PB 12
2017 | June 8 th 2017 | 6 7 10 17 20 25 | PB 15
2017 | June 1 st 2017 | 18 19 24 29 32 37 | PB 12
2017 | May 25 th 2017 | 4 24 27 32 35 39 | PB 13
2017 | May 18 th 2017 | 6 10 17 27 35 39 | PB 12
2017 | May 11 th 2017 | 10 19 21 23 26 36 | PB 10
2017 | May 4 th 2017 | 4 5 10 15 17 25 | PB 2
2017 | April 27 th 2017 | 19 20 24 30 36 38 | PB 3
2017 | April 20 th 2017 | 7 13 19 22 27 30 | PB 8
2017 | April 13 th 2017 | 1 5 23 26 33 34 | PB 10
2017 | April 6 th 2017 | 6 7 17 31 32 34 | PB 5
2017 | March 30 th 2017 | 1 5 7 19 28 30 | PB 6
2017 | March 23 rd 2017 | 5 7 17 31 34 40 | PB 18
2017 | March 16 th 2017 | 13 22 27 30 34 40 | PB 17
2017 | March 9 th 2017 | 6 9 19 26 27 29 | PB 15
2017 | March 2 nd 2017 | 9 25 30 34 36 40 | PB 11
2017 | February 23 rd 2017 | 1 15 16 20 26 29 | PB 12
2017 | February 16 th 2017 | 15 22 24 25 26 29 | PB 16
2017 | February 9 th 2017 | 11 16 21 23 31 33 | PB 2
2017 | February 2 nd 2017 | 20 23 28 31 35 40 | PB 3
2017 | January 26 th 2017 | 6 8 23 36 38 40 | PB 2
2017 | January 19 th 2017 | 10 22 31 32 33 35 | PB 19
2017 | January 12 th 2017 | 4 11 14 26 29 36 | PB 17
2017 | January 5 th 2017 | 6 8 23 31 36 39 | PB 15

===== YEAR 2018 =====
2018 | April 12 th 2018 | 14 16 18 31 32 33 | PB 17
2018 | April 5 th 2018 | 5 8 18 22 23 25 | PB 10
2018 | March 29 th 2018 | 4 7 8 10 14 16 | PB 10
2018 | March 22 nd 2018 | 10 17 22 30 35 40 | PB 7
2018 | March 15 th 2018 | 1 6 9 18 21 34 | PB 15
2018 | March 8 th 2018 | 4 12 22 26 29 37 | PB 11
2018 | March 1 st 2018 | 8 16 17 24 30 39 | PB 8
2018 | February 22 nd 2018 | 11 14 15 16 19 38 | PB 8
2018 | February 15 th 2018 | 5 6 12 25 36 37 | PB 7
2018 | February 8 th 2018 | 7 10 12 23 33 38 | PB 16
2018 | February 1 st 2018 | 20 24 26 27 35 38 | PB 3
2018 | January 25 th 2018 | 1 10 13 23 24 40 | PB 13
2018 | January 18 th 2018 | 3 8 13 19 35 36 | PB 6
2018 | January 11 th 2018 | 5 7 11 32 34 38 | PB 12
2018 | January 4 th 2018 | 8 15 19 20 23 24 | PB 5
