2026 | 23 June, 2026          |  4 13 21 26 27 31 43 | 11 19 38
2026 | 16 June, 2026          |  4 10 28 30 39 41 47 |  3  7 15
2026 | 9 June, 2026           |  2  9 19 26 33 36 43 | 29 44 45
2026 | 2 June, 2026           |  4  9 10 30 31 40 43 | 15 16 44
2026 | 26 May, 2026           | 10 16 25 26 34 44 45 | 15 21 32
2026 | 19 May, 2026           |  6 17 18 21 30 35 40 |  8 24 42
2026 | 12 May, 2026           | 10 13 18 22 24 34 43 | 25 36 41
2026 | 5 May, 2026            |  1  2  4  6 14 24 39 |  7 19 40
2026 | 28 April, 2026         |  9 13 23 25 28 32 33 | 11 21 34
2026 | 21 April, 2026         |  6 15 20 32 33 38 47 | 12 25 28
2026 | 14 April, 2026         |  2  5 19 25 30 36 39 | 13 40 43
2026 | 7 April, 2026          |  3 10 17 20 24 37 39 | 12 22 38
2026 | 31 March, 2026         |  8 17 18 31 35 43 44 |  6 29 45
2026 | 24 March, 2026         |  6  9 22 24 25 27 34 |  1 14 40
2026 | 17 March, 2026         |  2  6 18 24 25 45 47 |  3 10 22
2026 | 10 March, 2026         | 12 16 17 33 34 41 42 | 23 24 29
2026 | 3 March, 2026          |  5  7 18 21 33 39 47 | 14 26 27
2026 | 24 February, 2026      |  2  5  7 25 27 33 43 | 28 31 42
2026 | 17 February, 2026      |  9 23 32 36 39 42 44 | 18 24 30
2026 | 10 February, 2026      |  4 20 23 26 27 31 44 |  2 24 35
2026 | 3 February, 2026       |  4 10 19 27 29 41 46 |  7 20 25
2026 | 27 January, 2026       |  1 15 17 22 23 28 41 |  5 12 18
2026 | 20 January, 2026       |  3 11 14 22 27 32 33 | 31 37 40
2026 | 13 January, 2026       | 17 23 31 35 38 39 42 |  7 24 29
2026 | 6 January, 2026        |  2 13 14 17 19 30 45 |  4  8 33
2025 | 30 December, 2025      | 11 12 14 19 20 27 31 |  1 13 43
2025 | 23 December, 2025      |  2 12 23 29 36 37 47 |  3 34 43
2025 | 16 December, 2025      |  4  9 19 20 41 43 46 |  8 21 45
2025 | 9 December, 2025       |  3  6  9 15 19 21 33 |  7 14 31
2025 | 2 December, 2025       |  7 22 26 28 40 42 43 |  6 29 47
2025 | 25 November, 2025      |  1 12 14 28 35 43 47 | 15 16 46
2025 | 18 November, 2025      |  2  4  6  8 22 27 39 |  5 24 47
2025 | 11 November, 2025      |  7 17 28 30 34 42 44 |  3 20 32
2025 | 4 November, 2025       | 12 14 17 18 21 25 43 | 15 24 42
2025 | 28 October, 2025       |  6 30 33 35 39 43 45 |  3 40 46
2025 | 21 October, 2025       |  4 26 28 29 36 37 45 | 20 24 43
2025 | 14 October, 2025       |  1 14 17 18 22 33 47 | 11 34 44
2025 | 7 October, 2025        |  3  7 15 34 39 44 46 | 13 19 24
2025 | 30 September, 2025     |  4  7  9 28 35 39 46 | 14 15 24
2025 | 23 September, 2025     |  1  4 11 20 23 30 31 | 25 40 42
2025 | 16 September, 2025     |  3  7 20 35 37 41 42 | 18 30 33
2025 | 9 September, 2025      | 13 14 21 30 33 37 44 |  3  4 26
2025 | 2 September, 2025      |  1  2  7 17 30 37 39 |  6 13 47
2025 | 26 August, 2025        | 10 17 26 28 29 35 36 | 24 37 47
2025 | 19 August, 2025        |  4  8 11 26 29 32 41 |  3 10 16
2025 | 12 August, 2025        |  2 14 34 37 38 40 41 | 19 25 28
2025 | 5 August, 2025         | 11 29 32 34 38 40 42 |  3 15 47
2025 | 29 July, 2025          |  2 18 21 25 28 31 38 | 23 27 34
2025 | 22 July, 2025          |  1  5 17 21 25 32 36 | 16 38 41
2025 | 15 July, 2025          |  6  7 13 17 20 39 41 | 12 23 30
2025 | 8 July, 2025           |  1  5 27 41 43 44 47 | 18 23 26
2025 | 1 July, 2025           |  2 16 26 28 32 38 43 | 23 33 40
2025 | 24 June, 2025          |  7  8 12 19 23 24 45 |  4 33 38
2025 | 17 June, 2025          |  8 21 25 26 29 31 47 | 18 24 43
2025 | 10 June, 2025          |  1 15 21 32 33 38 45 |  3 25 39
2025 | 3 June, 2025           |  1 21 25 34 44 45 46 |  9 14 16
2025 | 27 May, 2025           | 12 16 24 37 39 45 46 | 19 31 44
2025 | 20 May, 2025           | 21 22 25 31 32 36 39 | 16 29 37
2025 | 13 May, 2025           |  9 10 16 18 26 39 40 | 20 35 43
2025 | 6 May, 2025            |  6 17 19 28 35 43 47 |  3 18 45
2025 | 29 April, 2025         |  2 16 27 30 34 38 43 |  9 14 31
2025 | 22 April, 2025         |  2  3 16 23 27 31 37 | 21 28 34
2025 | 15 April, 2025         |  8 13 14 23 29 32 41 |  4 40 43
2025 | 8 April, 2025          | 17 18 21 24 29 30 44 |  9 12 43
2025 | 1 April, 2025          |  4  8 28 29 30 36 40 | 37 44 47
2025 | 25 March, 2025         |  8 13 19 26 39 40 44 | 16 20 46
2025 | 18 March, 2025         |  4  6 12 30 37 39 47 | 13 17 34
2025 | 11 March, 2025         |  2  5 20 21 32 33 41 |  1  8 34
2025 | 4 March, 2025          |  9 17 19 21 29 35 45 | 27 28 36
2025 | 25 February, 2025      |  8 11 12 17 18 30 46 | 24 37 42
2025 | 18 February, 2025      | 13 14 16 17 21 28 43 |  4 25 36
2025 | 11 February, 2025      | 13 16 19 23 34 35 40 |  7 25 31
2025 | 4 February, 2025       |  3 26 34 35 36 39 44 |  5  6 45
2025 | 28 January, 2025       |  3 24 33 34 36 42 44 |  1  5 10
2025 | 21 January, 2025       |  8 18 22 24 37 41 44 |  1 26 39
2025 | 14 January, 2025       |  2  5  9 11 17 32 38 |  7 25 36
2025 | 7 January, 2025        |  2  6 11 19 27 29 46 | 15 38 42
2024 | 31 December, 2024      |  4  7 12 15 24 38 47 |  8 43 46
2024 | 24 December, 2024      | 17 20 31 41 45 46 47 |  3 33 40
2024 | 17 December, 2024      | 10 13 16 22 26 31 41 |  8 14 19
2024 | 10 December, 2024      |  1 20 23 29 34 39 46 | 24 42 43
2024 | 3 December, 2024       | 18 22 23 26 27 39 44 | 10 37 41
2024 | 26 November, 2024      |  2  4 12 17 19 22 32 | 11 27 31
2024 | 19 November, 2024      |  2  8  9 10 18 34 40 |  3 32 37
2024 | 12 November, 2024      |  5 10 14 16 28 30 34 |  9 19 23
2024 | 5 November, 2024       |  4  6 16 31 32 35 45 | 11 39 44
2024 | 29 October, 2024       |  3 10 22 27 33 39 45 |  1 12 23
2024 | 22 October, 2024       |  1  2 16 17 24 26 28 |  4 41 47
2024 | 15 October, 2024       |  3 11 12 30 39 43 46 | 20 22 36
2024 | 8 October, 2024        |  6 14 30 42 44 45 46 | 15 16 21
2024 | 1 October, 2024        |  2  3  5 24 27 31 32 |  1  4 35
2024 | 24 September, 2024     |  4 13 15 30 32 33 35 | 20 27 45
2024 | 17 September, 2024     |  3  4 13 15 24 26 32 | 28 31 36
2024 | 10 September, 2024     |  4 10 23 25 27 30 37 |  3 16 20
2024 | 3 September, 2024      |  3  8  9 32 35 38 43 | 22 33 46
2024 | 27 August, 2024        |  1 13 14 18 22 37 42 | 27 28 32
2024 | 20 August, 2024        | 18 20 21 29 37 38 40 | 23 31 46
2024 | 13 August, 2024        |  4  6 21 22 34 40 42 |  5 27 44
2024 | 6 August, 2024         |  3  7  9 32 36 39 43 | 23 29 42
2024 | 30 July, 2024          |  9 25 27 29 40 42 43 | 24 35 45
2024 | 23 July, 2024          |  1 10 12 15 29 33 42 |  4 30 32
2024 | 16 July, 2024          |  1 10 15 18 33 36 42 |  9 12 27
2024 | 9 July, 2024           | 12 18 21 26 37 39 44 |  2 17 33
2024 | 2 July, 2024           | 14 29 30 31 36 38 46 | 23 34 41
2024 | 25 June, 2024          |  2  9 12 14 31 38 40 |  4  8 15
2024 | 18 June, 2024          |  3  9 10 21 28 29 30 |  6 17 47
2024 | 11 June, 2024          |  3 12 26 30 41 45 46 | 18 35 42
2024 | 4 June, 2024           |  1 13 15 16 28 33 36 | 21 26 45
2024 | 28 May, 2024           |  5 10 13 15 29 31 42 | 17 39 40
2024 | 21 May, 2024           |  3  7  8 25 26 30 47 |  4 15 16
2024 | 14 May, 2024           |  7 11 13 16 25 28 47 |  8 18 34
2024 | 7 May, 2024            | 15 24 35 43 45 46 47 | 19 20 38
2024 | 30 April, 2024         |  3  6 15 24 32 44 47 | 18 33 38
2024 | 23 April, 2024         |  6  9 14 19 21 30 45 |  5 16 33
2024 | 16 April, 2024         | 12 13 17 21 28 32 33 |  7  9 22
2024 | 9 April, 2024          |  1  2  4 18 28 37 47 | 11 24 27
2024 | 2 April, 2024          |  2 15 21 22 41 43 47 |  6 23 28
2024 | 26 March, 2024         |  6  8  9 23 25 33 47 |  3 32 37
2024 | 19 March, 2024         |  1 13 18 23 28 31 47 | 14 36 44
2024 | 12 March, 2024         |  2 18 19 23 33 36 38 | 13 35 40
2024 | 5 March, 2024          |  6 16 24 25 29 37 47 | 13 17 28
2024 | 27 February, 2024      |  1  4  8 10 18 38 39 |  5 11 21
2024 | 20 February, 2024      |  7 11 17 24 33 39 43 | 26 27 44
2024 | 13 February, 2024      |  6  7  8 16 17 21 32 | 12 14 25
2024 | 6 February, 2024       |  3 10 13 20 31 38 39 | 12 33 41
2024 | 30 January, 2024       |  4 20 25 27 28 29 34 | 12 26 38
2024 | 23 January, 2024       |  2 15 18 20 26 27 44 |  1 10 42
2024 | 16 January, 2024       |  4  9 17 24 29 37 47 | 14 20 27
2024 | 9 January, 2024        |  5  6 21 22 25 38 42 | 16 36 44
2024 | 2 January, 2024        |  3 21 24 30 36 44 46 | 18 31 37
2023 | 26 December, 2023      | 17 22 24 28 31 42 44 |  3 16 39
2023 | 19 December, 2023      | 12 18 25 37 40 43 47 | 28 30 32
2023 | 12 December, 2023      |  6 19 30 39 42 44 47 |  8 33 46
2023 | 5 December, 2023       |  3 11 17 19 32 36 41 |  6 22 34
2023 | 28 November, 2023      |  6 19 22 24 33 34 43 | 10 25 38
2023 | 21 November, 2023      |  8 12 14 21 25 36 41 | 19 22 23
2023 | 14 November, 2023      |  1  4  9 12 32 38 45 | 10 18 43
2023 | 7 November, 2023       |  3 16 21 22 30 41 43 | 25 33 46
2023 | 31 October, 2023       |  3 13 21 31 37 44 45 | 11 30 33
2023 | 24 October, 2023       |  3  5 25 30 39 40 47 | 19 33 44
2023 | 17 October, 2023       | 14 18 21 23 33 39 46 | 28 37 41
2023 | 10 October, 2023       |  2  6 12 15 29 31 35 |  8 28 47
2023 | 3 October, 2023        |  7 19 21 24 27 43 47 | 11 29 39
2023 | 26 September, 2023     |  1  9 10 13 20 34 46 | 19 30 42
2023 | 19 September, 2023     | 14 23 32 33 35 36 45 | 12 20 30
2023 | 12 September, 2023     |  4  5 12 24 25 27 44 |  7 39 42
2023 | 5 September, 2023      |  2  5 13 18 21 31 41 |  9 40 46
2023 | 29 August, 2023        | 14 17 19 22 27 46 47 | 29 30 40
2023 | 22 August, 2023        | 10 12 33 36 37 40 42 |  5 27 28
2023 | 15 August, 2023        |  6  8 23 24 27 41 47 |  4 13 28
2023 | 8 August, 2023         |  3  7 19 20 22 35 47 |  4 10 17
2023 | 1 August, 2023         | 11 13 17 19 34 36 40 | 12 14 35
2023 | 25 July, 2023          |  1 10 14 32 39 43 44 |  8 23 47
2023 | 18 July, 2023          |  7 11 17 20 22 24 41 |  6 33 47
2023 | 11 July, 2023          |  4  9 26 28 35 42 46 | 21 40 47
2023 | 4 July, 2023           |  3 12 20 21 29 36 40 |  1  5  6
2023 | 27 June, 2023          |  5 16 31 37 39 43 47 | 14 30 40
2023 | 20 June, 2023          |  5 19 22 23 30 36 38 | 11 42 47
2023 | 13 June, 2023          |  5 12 14 21 22 35 37 | 17 46 47
2023 | 6 June, 2023           |  1  3  5  8 19 26 46 | 28 35 40
2023 | 30 May, 2023           | 10 17 20 30 41 42 43 |  1  6 14
2023 | 23 May, 2023           |  3  4  5 15 18 41 45 | 25 33 42
2023 | 16 May, 2023           |  5 17 21 22 34 37 45 | 35 41 47
2023 | 9 May, 2023            |  3 11 21 28 35 40 46 | 20 39 44
2023 | 2 May, 2023            |  1  7 20 26 28 29 45 |  4 11 16
2023 | 25 April, 2023         |  7  8  9 21 24 28 31 |  2 10 11
2023 | 18 April, 2023         |  3  4  5  6 26 34 46 | 15 22 29
2023 | 11 April, 2023         |  9 12 15 19 21 46 47 | 16 30 34
2023 | 4 April, 2023          |  2 19 26 28 39 42 47 |  9 23 37
2023 | 28 March, 2023         |  3  7 15 16 19 35 38 | 13 32 39
2023 | 21 March, 2023         |  1  4  6  9 19 30 38 | 10 13 37
2023 | 14 March, 2023         |  3 18 27 34 40 41 44 |  5 12 46
2023 | 7 March, 2023          |  4 26 28 31 33 44 47 |  9 11 20
2023 | 28 February, 2023      |  1  5  6 29 31 39 42 |  3 27 44
2023 | 21 February, 2023      |  1  3  4 21 24 36 38 | 43 44 46
2023 | 14 February, 2023      |  5  8 14 18 27 38 41 |  2 11 13
2023 | 7 February, 2023       |  5  7 14 18 20 22 43 |  1  2 33
2023 | 31 January, 2023       |  5  6  9 10 24 27 34 | 13 26 39
2023 | 24 January, 2023       |  7  8 18 30 43 44 46 |  9 10 32
2023 | 17 January, 2023       |  9 10 11 33 37 38 46 | 21 24 32
2023 | 10 January, 2023       |  7 10 26 27 37 38 42 | 33 34 47
2023 | 3 January, 2023        |  7 20 24 30 35 41 43 | 17 19 40
2022 | 27 December, 2022      |  4  8 12 19 21 27 33 |  7 16 24
2022 | 20 December, 2022      |  9 10 12 14 27 29 37 | 31 40 47
2022 | 13 December, 2022      | 11 13 17 25 35 37 38 | 14 23 42
2022 | 6 December, 2022       |  2  5 11 24 32 34 44 | 20 39 46
2022 | 29 November, 2022      |  3  9 11 15 20 24 40 | 26 28 45
2022 | 22 November, 2022      |  1 12 15 19 22 27 40 | 23 33 35
2022 | 15 November, 2022      |  4 11 14 22 25 33 44 | 19 23 42
2022 | 8 November, 2022       |  1  2 19 23 28 30 40 | 21 25 44
2022 | 1 November, 2022       |  6  9 13 18 26 30 31 | 16 22 37
2022 | 25 October, 2022       |  1  7  9 15 23 32 39 | 18 36 40
2022 | 18 October, 2022       |  8 14 15 21 25 37 42 | 13 17 45
2022 | 11 October, 2022       | 16 19 23 27 31 32 47 |  2 14 45
2022 | 4 October, 2022        |  5 17 20 37 39 42 47 | 22 29 38
2022 | 27 September, 2022     |  2  6  9 10 33 35 36 | 16 21 41
2022 | 20 September, 2022     |  5 21 22 24 29 33 37 |  8 14 23
2022 | 13 September, 2022     | 11 13 14 16 28 33 37 | 10 29 31
2022 | 6 September, 2022      |  8 12 19 28 32 34 41 |  9 18 20
2022 | 30 August, 2022        | 12 24 27 28 32 34 39 | 17 18 22
2022 | 23 August, 2022        |  1  3  5  6 18 21 23 | 10 35 40
2022 | 16 August, 2022        |  4  5 17 28 36 45 47 |  6 30 46
2022 | 9 August, 2022         | 13 16 21 32 37 43 45 | 28 31 46
2022 | 2 August, 2022         | 22 23 27 33 38 39 42 |  4 20 37
2022 | 26 July, 2022          | 11 23 27 29 30 41 42 |  8  9 15
2022 | 19 July, 2022          |  7  9 11 12 21 28 34 |  2  4 16
2022 | 12 July, 2022          |  1  5 14 18 24 38 40 | 27 36 47
2022 | 5 July, 2022           |  2 17 20 22 29 31 41 |  7 18 36
2022 | 28 June, 2022          | 23 28 38 42 43 44 47 | 24 39 41
2022 | 21 June, 2022          |  7 11 12 16 40 41 45 |  3 24 46
2022 | 14 June, 2022          |  2  3 16 22 24 25 35 | 31 36 44
2022 | 7 June, 2022           |  3  4 12 25 28 33 37 |  9 17 19
2022 | 31 May, 2022           | 20 21 27 30 32 36 40 |  8 14 28
2022 | 24 May, 2022           |  5 19 29 37 45 46 47 | 40 42 43
2022 | 17 May, 2022           |  5  8 21 30 39 44 45 |  1 25 40
2022 | 10 May, 2022           |  1  3  6  7 19 42 43 | 26 28
2022 | 3 May, 2022            |  4  8 15 17 21 29 44 | 34 41
2022 | 26 April, 2022         |  4  5 17 22 30 34 45 | 31 44
2022 | 19 April, 2022         |  5  6 15 21 27 32 37 |  8 28
2022 | 12 April, 2022         |  2 14 23 25 26 27 30 |  4 36
2022 | 5 April, 2022          |  3  5 30 34 37 40 45 |  2 25
2022 | 29 March, 2022         |  4  7 14 15 17 23 43 |  3 16
2022 | 22 March, 2022         |  2  7  9 12 16 22 27 |  8 13
2022 | 15 March, 2022         |  6  7 12 17 33 37 41 | 11 34
2022 | 8 March, 2022          |  7 14 24 26 35 44 45 |  5 12
2022 | 1 March, 2022          |  4  6 19 20 29 31 32 | 26 39
2022 | 22 February, 2022      | 14 26 32 34 38 39 43 |  2 44
2022 | 15 February, 2022      |  5  7  9 16 28 37 41 | 31 35
2022 | 8 February, 2022       |  1  4  7 17 25 32 45 | 26 36
2022 | 1 February, 2022       |  8 10 20 23 37 43 44 | 12 18
2022 | 25 January, 2022       |  4 11 17 22 26 31 36 |  6 16
2022 | 18 January, 2022       |  3  9 14 17 30 37 38 | 12 34
2022 | 11 January, 2022       |  1  3 18 22 32 37 38 |  7 15
2022 | 4 January, 2022        |  5  6 11 24 25 26 44 | 34 35
